0                         3.0465437938929124E-9
0.07805434413737444       3.0470231990160466E-9
0.46377163549627554       3.0494569270774213E-9
0.5514063657491981        3.0505698783556783E-9
0.9516472057732059        3.0579180762293822E-9
1.0478214384085618        3.0602304582322144E-9
1.452329460803309         3.072601790144E-9
1.5470765253209926        3.0760449933019344E-9
1.9534856880696232        3.0935595825010286E-9
2.047431036511309         3.097274250416747E-9
2.4540561082946937        3.1200158032365204E-9
2.5476895970328357        3.125839182851301E-9
2.954570297388191         3.154070240910605E-9
3.047980328966176         3.162154482636909E-9
3.4551674522295777        3.1962075676813563E-9
3.548280647601569         3.2046278337038133E-9
3.95571351616514          3.244793102834717E-9
4.048726107470822         3.2546332776417297E-9
4.456256471681719         3.3013123509327855E-9
4.549114383799509         3.3114364011591075E-9
4.956704464201074         3.3650390709866515E-9
5.049468507092099         3.3780069455605484E-9
5.45709607024177          3.439206746067852E-9
5.549797730960236         3.455422130282082E-9
5.957444726940569         3.5250725584118405E-9
6.050115262641775         3.5418143563306853E-9
6.457771615629801         3.6206950615654666E-9
6.550437872476575         3.63962609759949E-9
6.958094221137378         3.7288153051669826E-9
7.050753875943757         3.7481530807408356E-9
7.458410224604563         3.848738121143088E-9
7.5510698794109405        3.8728497999811596E-9
7.958726228071745         3.986640657270977E-9
8.051159543462752         4.016543061955259E-9
8.458707216962427         4.145892269517779E-9
8.551177898216423         4.176839649999971E-9
8.95858177689838          4.323972689790648E-9
9.050649505882662         4.359057799898417E-9
9.451762866467135         4.524411473109674E-9
9.54347393420415          4.560491715492294E-9
9.91600190505714          4.735881921543526E-9
10.007209539048848        4.781444417512245E-9
10.33819220436764         4.962949642266254E-9
10.428136070391997        5.013829541491589E-9
10.720582075420072        5.19171992423978E-9
10.809790883553577        5.2489090940750496E-9
11.066071075359552        5.424651690294904E-9
11.155138579234473        5.489005763911945E-9
11.378321414783292        5.6608217929049175E-9
11.467498216404914        5.733085063187182E-9
11.660612719411686        5.899296836305229E-9
11.750022019045527        5.980191993515129E-9
11.91589009837864         6.139148531455358E-9
12.005875781475128        6.229706002182528E-9
12.146718949465214        6.379430618187361E-9
12.23722611668866         6.480317073468118E-9
12.355743441570269        6.6195704477486214E-9
12.446530191715752        6.731267034063587E-9
12.544804838178486        6.85840743936286E-9
12.635939465222188        6.9817177831787945E-9
12.715767901005892        7.095046142123691E-9
12.806928744360484        7.230165417829556E-9
12.870609690543539        7.329019382592224E-9
12.961626848827072        7.476316381707604E-9
13.010628321562706        7.56068861199322E-9
13.101364593501692        7.718951812526597E-9
13.13720929964455         7.784762458968558E-9
13.227745444348407        7.957593489998637E-9
13.251903445642904        8.005563999425956E-9
13.342148587446282        8.191741828013496E-9
13.35587514144347         8.221087334717486E-9
13.445692907006281        8.420702699672426E-9
13.449878103900772        8.430219033006787E-9
13.491675156859422        8.529962889848827E-9
13.535276563535477        8.636642775859679E-9
13.53960912141364         8.647296963026645E-9
13.612787010364867        8.830191415486772E-9
13.624549054166067        8.863505171936038E-9
13.682797551703475        9.019200136927873E-9
13.700872935041133        9.071334542031983E-9
13.746312043047379        9.200906858802424E-9
13.769003159670772        9.268440302596732E-9
13.80436467665534         9.376742601130583E-9
13.830401984141124        9.458030228097166E-9
13.859388201476328        9.55175998683754E-9
13.887151103118786        9.64334620208172E-9
13.91407212230278         9.735406503820482E-9
13.942263815818801        9.83351156179101E-9
13.969309134203922        9.931628620193355E-9
13.99752726526794         1.0035683437567969E-8
14.024791412202852        1.0140737126869637E-8
14.053117889157415        1.025182296591833E-8
14.080159120366458        1.0362825548849476E-8
14.108787150881458        1.0482596289542668E-8
14.135323971547349        1.0599077826691546E-8
14.164285414672843        1.0728730665200374E-8
14.190308386921437        1.0851359106495998E-8
14.21954293238727         1.099187771023231E-8
14.245130886017037        1.1121882437204057E-8
14.274622612611962        1.1274675296378667E-8
14.299883122693881        1.1414055079575362E-8
14.32960891970329         1.1580484371032599E-8
14.354709870818613        1.1731464651424914E-8
14.384544725078031        1.1914030632797079E-8
14.409670157799336        1.207870435979512E-8
14.439473948140165        1.2278827733764573E-8
14.464716868695167        1.2461747534501816E-8
14.494461013186768        1.268205106773129E-8
14.519777803868035        1.2886735191597337E-8
14.549541982008247        1.3130733480106875E-8
14.574810296613538        1.336240899497716E-8
14.604686576183237        1.3637204387563343E-8
14.6298350584358          1.3901097069448178E-8
14.659842734089736        1.4213705698121482E-8
14.684935069538152        1.4520338731562599E-8
14.715062145927101        1.4879196138919473E-8
14.740196757618383        1.524450594351797E-8
14.770536016589821        1.566091684354024E-8
14.7956349888041          1.610582669157971E-8
14.826508059299139        1.6593258456912986E-8
14.851067765682338        1.7137684365492092E-8
14.883147707351387        1.7698944135354423E-8
14.905665145794147        1.8311277172610488E-8
14.939168807376292        1.8862713383337988E-8
14.956752992120855        1.9340250181118163E-8
14.990845175096327        1.9611687484562065E-8
15.007956062131093        1.9569648873805537E-8
15.041258175923083        1.9311223199333238E-8
15.064627075519           1.862247070996052E-8
15.095083419487523        1.80799672802084E-8
15.127742979921653        1.7180169975368792E-8
15.154996949655963        1.665570032995513E-8
15.195957440818844        1.5780177807126373E-8
15.219159394247836        1.5406856684972126E-8
15.26693013885151         1.4573913933525557E-8
15.28652292670019         1.4305127090712377E-8
15.338458111109256        1.3566535390548468E-8
15.355739681460665        1.3363089991463279E-8
15.40968534576772         1.2718814710167236E-8
15.425705736083419        1.2554644466497296E-8
15.480391986433066        1.1992888357921009E-8
15.495876525705338        1.1852732929660483E-8
15.550678977814545        1.1349185221628362E-8
15.56598387699101         1.1235472046260199E-8
15.620719001162389        1.0788957911531194E-8
15.635987326974277        1.0677429614610342E-8
15.690648381752837        1.0291300324659309E-8
15.705961794071559        1.0182571092286127E-8
15.760577666987517        9.830995578235894E-9
15.775967237042689        9.736704676820694E-9
15.830573865879686        9.408406398336639E-9
15.846009519706294        9.321019041219903E-9
15.900617040284626        9.017926473548413E-9
15.916048745579658        8.936753893140936E-9
15.97065528459544         8.655272787135695E-9
15.98602966434376         8.57975888557254E-9
16.040694011542932        8.316722902706749E-9
16.055924130621037        8.246560919124722E-9
16.110803516281788        7.996115771721285E-9
16.12576166806486         7.93407331621079E-9
16.18107046513999         7.69655346370975E-9
16.19564347419491         7.63944854198815E-9
16.2514833265775          7.415352600116087E-9
16.265685597499257        7.357968706870283E-9
16.321864060749906        7.146519155505677E-9
16.335905427962125        7.092723342674447E-9
16.392071242452104        6.891639139182241E-9
16.406164010565522        6.840344310285459E-9
16.462118917183066        6.649308076243786E-9
16.476298787826074        6.601774059325082E-9
16.532065010556924        6.418157893622654E-9
16.54628723081085         6.372520068078002E-9
16.601984629171312        6.1969436617121845E-9
16.61617224610444         6.153273748328091E-9
16.67189097643717         5.984761252239578E-9
16.686007322556822        5.943007540376165E-9
16.741751977874557        5.780947091784731E-9
16.755865659506853        5.740762481419325E-9
16.811558162887387        5.583706320327899E-9
16.825802638424303        5.5457493345164635E-9
16.88139637725665         5.395652149777969E-9
16.895786262821577        5.356543765210671E-9
16.951307498679856        5.212721940731966E-9
16.96580162294654         5.174683549378341E-9
17.02130120624774         5.0355830754776474E-9
17.03587847972797         4.998588516055802E-9
17.091349647364197        4.86389448502289E-9
17.10597894949421         4.828695021470902E-9
17.161420355153197        4.697356471621431E-9
17.1760216727058          4.663254571154026E-9
17.231489941085727        4.535670586833402E-9
17.24600307998401         4.502729931858759E-9
17.30155099058984         4.378527681741511E-9
17.31593669279606         4.346760321756541E-9
17.37158367334008         4.225015637834656E-9
17.38583124715904         4.195027159210403E-9
17.441550776470446        4.0762808467748755E-9
17.455731866359105        4.0471615340520306E-9
17.511479961321392        3.931894681998606E-9
17.525698790036003        3.902285385385555E-9
17.581434158592145        3.79029726128568E-9
17.59573445835465         3.761234281608417E-9
17.65139820536083         3.6519274616102337E-9
17.665781235909883        3.623817219644406E-9
17.721302989359206        3.516721333284712E-9
17.735807060342392        3.4889809423630587E-9
17.791104962325928        3.3845688002934622E-9
17.80580012669604         3.357039924458377E-9
17.860795817998895        3.2553029133851E-9
17.875757935157452        3.2278252103789773E-9
17.930283960020695        3.1285349257228616E-9
17.94585703822856         3.1008558550293387E-9
18.000325272562552        3.003558528810942E-9
18.01540841746137         2.977227464153149E-9
18.07015229512817         2.8811913167655167E-9
18.08523323234302         2.855310414583197E-9
18.13996312223511         2.7612789705224663E-9
18.154911221569304        2.7354479915223623E-9
18.209830868863975        2.6429099001714004E-9
18.224606357694043        2.617789918722037E-9
18.279686653806316        2.5264207059941997E-9
18.294596567257333        2.501716928272784E-9
18.34963200228499         2.411535388120571E-9
18.36470961214787         2.386918737505182E-9
18.41954993800146         2.29834368830007E-9
18.434786953890473        2.273812573199733E-9
18.489419154123556        2.186777724109639E-9
18.504742255629722        2.162433319134826E-9
18.55930705742546         2.0766334026800635E-9
18.574596121706872        2.0526467547732086E-9
18.629278972480204        1.967512423130594E-9
18.644414863628974        1.9442540008726034E-9
18.699289857652897        1.8598234965491656E-9
18.71428362263018         1.8370353355177076E-9
18.769272997821243        1.7535499786647613E-9
18.78426710464527         1.7306607501636802E-9
18.839263305523428        1.6481803133336143E-9
18.854338506232487        1.6254085015160988E-9
18.909298163300246        1.5437773903580641E-9
18.924397360724097        1.5213214188809442E-9
18.979309282319438        1.4403680161701338E-9
18.99440385755497         1.4181158465092943E-9
19.04922423756084         1.3379837652213698E-9
19.06439744196845         1.3157986125700106E-9
19.119076158127314        1.2365037420077408E-9
19.134396121222995        1.2142736598491325E-9
19.18895171273611         1.1357345947406955E-9
19.204380943395805        1.1135017213104234E-9
19.258891770453804        1.0354539310978284E-9
19.27435188291221         1.013417345568913E-9
19.328887616809112        9.358198913038467E-10
19.34433034895117         9.139258240668293E-10
19.39893854063148         8.367423513363972E-10
19.414324051597596        8.148896046356761E-10
19.46905304433296         7.379799186676118E-10
19.484324496648895        7.163955283959284E-10
19.53921241951449         6.395889883376773E-10
19.5543287399799          6.183658084026993E-10
19.609344216068106        5.416117094047792E-10
19.62434453407757         5.206238041088685E-10
19.679364245961825        4.4410607843052647E-10
19.694369819064164        4.2317102182109136E-10
19.749261680002807        3.47028289015707E-10
19.764378352331523        3.2598658819630283E-10
19.81910321283525         2.502282615650989E-10
19.834339838063418        2.2905587689364386E-10
19.888955476680444        1.5354244244744143E-10
19.904264290618745        1.3230877954762058E-10
19.958844279098393        5.691867876143629E-11
19.97420103318883         3.562116720245239E-11
20.0287895635906          3.975398117065241E-11
20.044179882747326        6.110038553817663E-11
20.098793652738312        1.3653658165359432E-10
20.114171126766735        1.5787043667042292E-10
20.1688015617909          2.334034351593995E-10
20.184115811178433        2.546851832474785E-10
20.23875121588289         3.3032458372668925E-10
20.25399579512137         3.5154649147566206E-10
20.30864749374206         4.2736258539399677E-10
20.32385689008546         4.4858459496253204E-10
20.37855852628874         5.246684585182802E-10
20.3937427541686          5.459166372420868E-10
20.44856469203537         6.224122563750963E-10
20.463641627916434        6.435836134071571E-10
20.518727105537288        7.206678152236193E-10
20.53353317619669         7.416154625723793E-10
20.58905739915962         8.196453202459129E-10
20.6034692054629          8.40144569019316E-10
20.65946911146565         9.19320857188726E-10
20.67357906070911         9.393348787561496E-10
20.729832962507093        1.0193931286177827E-9
20.74390155231266         1.0394587313601994E-9
20.800078376840784        1.1199079197860526E-9
20.814224685929716        1.1403049560083482E-9
20.870161002313722        1.2208643077620085E-9
20.8843237476431          1.241429201418214E-9
20.9401006769935          1.3223523777866987E-9
20.954256564777474        1.3430646396267042E-9
21.010022779268443        1.424618589076585E-9
21.02417422333679         1.4454953199341596E-9
21.080023698941908        1.5277125390887448E-9
21.094135534028908        1.5488776261290172E-9
21.150085174229083        1.6319922491072527E-9
21.16416012561069         1.6533149804063725E-9
21.220146345521968        1.7372938542321491E-9
21.234200185736988        1.7588125746500257E-9
21.290127530862982        1.8437742689221005E-9
21.304212521402604        1.8652147033011776E-9
21.3600243540974          1.951114349815306E-9
21.374169171444105        1.9728828353835515E-9
21.42988512596918         2.059657278607305E-9
21.444052194057583        2.0819056095347403E-9
21.499760692317206        2.169568471581213E-9
21.51390650236525         2.1920662033848622E-9
21.56968025102045         2.280986167060091E-9
21.583785344247207        2.303720061522086E-9
21.639651551903086        2.3940206350104754E-9
21.653685894657805        2.416960108064048E-9
21.709637233835362        2.5087133682805178E-9
21.723606581192392        2.531885646343107E-9
21.779656586796644        2.6248822025229973E-9
21.793568787221425        2.6486401688865167E-9
21.84966964195661         2.7431945849930723E-9
21.863626013879422        2.7674299204551614E-9
21.91962216666238         2.863730778255902E-9
21.933766989286752        2.8880543518209677E-9
21.98948872726346         2.9858652600218873E-9
22.00388780651411         3.0113848549255536E-9
22.059262624868964        3.110051617003901E-9
22.073878272829088        3.1364348656584822E-9
22.12896819910505         3.2364651778874218E-9
22.143760895434948        3.263683038684554E-9
22.19870122648768         3.3654245714229633E-9
22.213660172608495        3.3935024961751192E-9
22.26851177482763         3.497185768575742E-9
22.283636447454917        3.5261710721705005E-9
22.33845189592237         3.6315493933305306E-9
22.353548828815942        3.6615970138402492E-9
22.408434286780597        3.769469052550297E-9
22.42333883583596         3.7998412645519904E-9
22.478363258221094        3.91049761922548E-9
22.493166797291916        3.941410114763286E-9
22.548348948673173        4.055662488264646E-9
22.563137815468878        4.086215544098596E-9
22.61833971709094         4.203936744937201E-9
22.633323591382386        4.235681911414816E-9
22.6884729290402          4.356435822867106E-9
22.703554419962916        4.389822812885674E-9
22.758705197974187        4.513357841672377E-9
22.773699808043393        4.547484057238557E-9
22.82884251551338         4.674560578120676E-9
22.843702133975466        4.709366959513034E-9
22.898773501195517        4.840076277982345E-9
22.91354819169163         4.875732283832595E-9
22.96849877297511         5.00932696109536E-9
22.983297161181707        5.04704525048611E-9
23.038081838417515        5.1845171073882644E-9
23.05300417624523         5.223811239035209E-9
23.107605658529675        5.365420904773964E-9
23.122659344083083        5.4064256592259645E-9
23.177250972644128        5.5540567558833175E-9
23.192284577805683        5.5944268808258565E-9
23.24707674478835         5.749067751995765E-9
23.26205146154738         5.790708995250771E-9
23.31702161444466         5.9518916750094505E-9
23.33205211332567         5.996460723553011E-9
23.387003849441715        6.162968298101589E-9
23.40217546380167         6.2097985689276876E-9
23.456975826922125        6.382899532330577E-9
23.472281255986655        6.432167204728245E-9
23.52692586891522         6.612475093612476E-9
23.54232647224382         6.6642758812001166E-9
23.5968841945164          6.850941726268612E-9
23.61232644109834         6.907129832371669E-9
23.666902918702057        7.102986300462845E-9
23.68230504292201         7.161918625066313E-9
23.736982517144043        7.368246797394618E-9
23.752266545904476        7.427827256535121E-9
23.807041319692374        7.650383588595926E-9
23.822228813978384        7.710369073085068E-9
23.87702185382043         7.946144597594162E-9
23.892229128544166        8.009580253441758E-9
23.946966511401627        8.259916278897801E-9
23.962272956976292        8.330634058639405E-9
24.016917406834153        8.594291533717863E-9
24.032338345931777        8.670284938661906E-9
24.086850098158124        8.952062044051324E-9
24.102386385932924        9.034080157963779E-9
24.156748089859622        9.336690300039687E-9
24.172372817977845        9.42547798710973E-9
24.22663324001538         9.747192366519103E-9
24.242292334635597        9.849011620098363E-9
24.296531613516365        1.019929754367849E-8
24.31220059817502         1.0310824775063961E-8
24.36648905550118         1.0695759776974142E-8
24.382173552624767        1.0811110302761794E-8
24.43654284869769         1.1256280605560704E-8
24.452273703519044        1.137439675506792E-8
24.50663931392963         1.1876015332668519E-8
24.52261791647551         1.2021461989070503E-8
24.57664191268625         1.2579288270206364E-8
24.593395774168005        1.2752146356995543E-8
24.646270100620463        1.3387043145115524E-8
24.664703174068855        1.3606065804932068E-8
24.714920129757896        1.4324991298219269E-8
24.73604093105193         1.4617610217040831E-8
24.78182907720717         1.5422669851348642E-8
24.806375879987918        1.582199426982666E-8
24.845036891988116        1.6658387795375495E-8
24.87366161323456         1.7212910771068122E-8
24.903655028959037        1.804889015317572E-8
24.93599142602303         1.864070377152914E-8
24.957393929072495        1.9273639252088392E-8
24.99182922084071         1.958124967134079E-8
25.00969337738233         1.9586696745079606E-8
25.041742437738204        1.938452066893383E-8
25.062607652638164        1.8828896727864778E-8
25.094010033417685        1.8317926999814942E-8
25.117286173399602        1.7690997316955525E-8
25.14774123361527         1.7153529118563974E-8
25.172557834345593        1.6610721568026445E-8
25.202368677008966        1.6140131247272564E-8
25.227608364094223        1.5689646208109474E-8
25.257213314840982        1.5281724564902018E-8
25.282379377039433        1.491272137932183E-8
25.31193470914092         1.4558490576298792E-8
25.33696782242721         1.4249612059727662E-8
25.366528666570844        1.3939395491556996E-8
25.391464221807148        1.3674979197762233E-8
25.4211176865534          1.3399987373508079E-8
25.445900632379534        1.3170260576541706E-8
25.47570474165908         1.2923664843136373E-8
25.500292287677986        1.2722953056175055E-8
25.53019717654428         1.249899968522441E-8
25.55463457173004         1.2320262298084332E-8
25.58456496182292         1.2116946689029663E-8
25.608908989515502        1.1955872285490195E-8
25.638828367297823        1.1770759867874146E-8
25.663084232918962        1.162307402603152E-8
25.692954405419606        1.1454075490251842E-8
25.717091706480485        1.131915522924325E-8
25.746852570555852        1.1163510135779993E-8
25.77087718247039         1.1039521498849977E-8
25.80041411944611         1.0895960978681277E-8
25.824559557358942        1.0780378382071511E-8
25.853738090594373        1.0647944652978347E-8
25.878604827923887        1.053714118333318E-8
25.90742025019971         1.0414457045551705E-8
25.933647143892376        1.030539796061363E-8
25.961845532353           1.0192956746904325E-8
25.988926914108273        1.0087338454012556E-8
26.01774960096784         9.979074582763449E-9
26.05045152288589         9.86023563446348E-9
26.074547206223095        9.77497966956935E-9
26.117024746421272        9.63037278324921E-9
26.136291898811326        9.566723715818355E-9
26.190743500255525        9.390905339763345E-9
26.204118442537197        9.351961508258872E-9
26.272265656384402        9.14957660662874E-9
26.278960244675098        9.12650297306366E-9
26.35628183920553         8.9126702089276E-9
26.361527459017054        8.902166990526101E-9
26.361993843702745        8.896657605532005E-9
26.45183497437835         8.665020827737277E-9
26.460331423304265        8.64401737799383E-9
26.55158376234667         8.426672578312236E-9
26.56851605273311         8.387942836484882E-9
26.661089351098628        8.18469097756626E-9
26.6895234020271          8.124867747296428E-9
26.781998770579587        7.938474123191704E-9
26.823127834932855        7.86093328213806E-9
26.915537588326913        7.69009816102583E-9
26.970668088439744        7.591257044552064E-9
27.062955210083725        7.4359328131878196E-9
27.133581096874387        7.322264539998905E-9
27.22582548769144         7.1810666467621624E-9
27.313395571264262        7.053021441208041E-9
27.405499825128242        6.925177145376229E-9
27.511859904383137        6.784340312110941E-9
27.603869324068093        6.6680120425723865E-9
27.731143463038155        6.5167994215715935E-9
27.822574244830218        6.413416160229258E-9
27.973326195281867        6.251332231613514E-9
28.064734854087554        6.158555416072744E-9
28.241220155398892        5.988428581138536E-9
28.332024316325352        5.906011192375096E-9
28.536717168005204        5.729706996393372E-9
28.627293318929254        5.65645744188365E-9
28.86297017375729         5.475753781419895E-9
28.953632155352995        5.410694813425032E-9
29.222840364262815        5.227689262809388E-9
29.3137770675678          5.170001412812581E-9
29.61985153279501         4.98634504649344E-9
29.71133180631808         4.9352633420814476E-9
30.057866472135707        4.752562839726099E-9
30.149536827703734        4.703516228097031E-9
30.53668466792213         4.5251889232055245E-9
30.630360321687988        4.485224772691534E-9
31.031646769593305        4.323869163385662E-9
31.125359270721397        4.292310477631032E-9
31.527711290659596        4.150145659670243E-9
31.620758091501816        4.119578050296326E-9
32.023658568331854        3.994242888777577E-9
32.11638192852845         3.967363389456131E-9
32.51963854518163         3.8565648732695804E-9
32.61209683112208         3.830652898943677E-9
33.01548966975699         3.732780003074796E-9
33.10779715546312         3.713795670677639E-9
33.511233348417974        3.6269030853460294E-9
33.60342671099364         3.60834720888768E-9
34.00688441376512         3.5314125877735057E-9
34.099030468918905        3.5149968456179944E-9
34.502499826251835        3.446999883619947E-9
34.59460959779455         3.431101192477102E-9
34.998090515015285        3.371300822975101E-9
35.09016029498364         3.3585866972016772E-9
35.49366373995606         3.30616660316836E-9
35.58566695548831         3.2962568185170056E-9
35.989221483327775        3.250572951363001E-9
36.081131444553506        3.240951541958429E-9
36.48477802445744         3.2016078801115607E-9
36.576526473614884        3.193388861915228E-9
36.980345734688264        3.1599919461036813E-9
37.071587509510074        3.152113440616772E-9
37.47585414876985         3.124355367382253E-9
37.56578983379561         3.118789586404541E-9
37.97078178494323         3.096369451476176E-9
38.06041133882384         3.092916606872973E-9
38.46498997026784         3.0756683399085445E-9
38.55265902635637         3.0724434966631187E-9
38.95692112196045         3.060303015254685E-9
39.04688914366048         3.0580442623031565E-9
39.45935948738007         3.0505470090471174E-9
39.54168759538867         3.0486551120125842E-9
39.92796834281033         3.047027541335848E-9
40                        3.0466105543629193E-9
