0                         4.1446727646584696E-23
0.07805434413728563       5.817500711960056E-13
0.46377163549633593       9.338267657050813E-13
0.5514063657489849        1.480548495489831E-12
0.9516472057734973        2.0446868251815795E-12
1.0478214384075777        2.6876941161197623E-12
1.4523294608048616        3.251009039966856E-12
1.5470765253210246        3.917313649584073E-12
1.9534856880700069        4.503900103879758E-12
2.0474310371293036        4.639806763210704E-12
2.454056108939703         6.38276112162178E-12
2.547689597033134         5.927404652841519E-12
2.954570297390177         7.750778527791659E-12
3.0479803410959327        7.881612036982834E-12
3.45516746268639          8.536744288852489E-12
3.5482806476163447        9.334587077168455E-12
3.9557135162454813        1.0032241614057125E-11
4.048727777383773         1.0884648623908641E-11
4.456257602382033         1.1632253257408905E-11
4.549119733636974         1.1792368094507597E-11
4.956707042019339         1.4173004023277344E-11
5.049481698704806         1.3529864687155094E-11
5.457096119779347         1.612848472406971E-11
5.549824854654089         1.6329085411626623E-11
5.957435411393263         1.7301809365778632E-11
6.050159073373679         1.8508873038305013E-11
6.457747157798011         1.9590700153202687E-11
6.5504830737703           2.0938173319938655E-11
6.95802287256938          2.2152611321597855E-11
7.0507813229897565        2.241048122344872E-11
7.458253249339414         2.645583169807334E-11
7.5510096891655           2.5343505603067232E-11
7.958443290206025         2.998009591420378E-11
8.051169939712516         3.034890253941932E-11
8.458484664921919         3.218307995512117E-11
8.551031423735976         3.449779067348106E-11
8.957834079607624         3.666996094629655E-11
9.050175018909528         3.936818704346587E-11
9.450062544259291         4.192996130817074E-11
9.542972132954212         4.289940128393335E-11
9.915277414550783         5.063518812295805E-11
10.006811874453579        4.94510407439664E-11
10.337809111870454        5.4689022753422996E-11
10.42818498854714         5.86573254200004E-11
10.720520618044574        6.204258827489548E-11
10.810032962972661        6.640022927851496E-11
11.066073879717166        6.998065592843612E-11
11.155604149489289        7.47453786371679E-11
11.378272567873472        7.854087578166489E-11
11.468213067023978        8.373822678217119E-11
11.660443390370496        8.773062323688382E-11
11.750470302057657        9.338267998682248E-11
11.915751609787906        9.760619389917454E-11
12.005869479367025        1.0375578949288423E-10
12.146685343038698        1.0817282202583997E-10
12.236935752713318        1.1484713661722829E-10
12.355619755552187        1.1944364274630357E-10
12.446192549362234        1.2667592618285314E-10
12.544614280124396        1.3140383696508294E-10
12.635398557565924        1.392160501640587E-10
12.715784849220963        1.44060638982634E-10
12.806651182795477        1.5247663623463022E-10
12.870621562935217        1.5738295878878226E-10
12.96158888110872         1.664189557608332E-10
13.0105991463716          1.704048835427314E-10
13.101544427508411        1.8099441305881776E-10
13.13713847807239         1.8584938978479667E-10
13.227837176149592        1.961648507804029E-10
13.251802670324668        2.0091996880257607E-10
13.342089544184876        2.11912773549478E-10
13.355804956340837        2.1650839354958273E-10
13.445546780738228        2.2817542958667568E-10
13.44985713302            2.3252808363249413E-10
13.493334310259918        2.3844883376930044E-10
13.535298145264811        2.4649157197106325E-10
13.539415217078382        2.476534049402753E-10
13.612953917364212        2.6345547890672734E-10
13.624392157892233        2.6559419949102275E-10
13.68315615320668         2.790411138229129E-10
13.701001855734205        2.8367598913563154E-10
13.746769771768221        2.948781782090331E-10
13.769449248516207        3.0124970660303777E-10
13.804863069747897        3.1078760118537006E-10
13.830904051190272        3.19434642294288E-10
13.860046569857836        3.2793230642784645E-10
13.888171449099996        3.3813335483329054E-10
13.914877365002114        3.466817622743346E-10
13.943909322973           3.581821801157932E-10
13.969928385133784        3.6751461599913005E-10
13.999374498464988        3.804578995045977E-10
14.025147834470456        3.907895069759755E-10
14.054662401376456        4.0529382532874715E-10
14.080268279368978        4.168242580366957E-10
14.109770581397688        4.3313539010891317E-10
14.135135763078958        4.460469361899256E-10
14.164658126714668        4.6451821179028815E-10
14.189717422280228        4.790371962523614E-10
14.219251776375318        5.001054231901491E-10
14.244144553861501        5.16641681235405E-10
14.273731247548476        5.409411600295136E-10
14.298752795819864        5.59991236163023E-10
14.328416686673467        5.885657350961303E-10
14.353780895403089        6.112220030278145E-10
14.383407026077991        6.452433711536891E-10
14.409060438298255        6.722729502520133E-10
14.4386046261852          7.127362873780393E-10
14.464314618280438        7.454267422296479E-10
14.49379435761006         7.945629559160953E-10
14.519472630363834        8.346588850527596E-10
14.548831609209186        8.953544539553928E-10
14.574575455811258        9.45825171857123E-10
14.603796550830666        1.0220102878758772E-9
14.62969441581598         1.0880886981694126E-9
14.65882643899083         1.187571888935564E-9
14.684885636896492        1.2762775942502743E-9
14.71403972785653         1.4115395081539462E-9
14.740161604981989        1.5356173606174299E-9
14.769558358076713        1.7296988950451761E-9
14.795447369356902        1.911626703043028E-9
14.825569887057739        2.211647180934877E-9
14.850367452624749        2.494396462936093E-9
14.882369587864865        3.0043243045570777E-9
14.904437623500476        3.4436696144797915E-9
14.939825350545604        4.411086834121194E-9
14.956445714200536        5.012460055578748E-9
14.99256119578417         6.541751734349934E-9
15.008775594580385        7.344169450297267E-9
15.042956209420101        8.775760300948664E-9
15.06531966438919         9.558935852747973E-9
15.096314209402689        1.0362850170829456E-8
15.127936503074334        1.0945753949393625E-8
15.155186208951255        1.1332753230640418E-8
15.196331236810378        1.1732879459229316E-8
15.220099149886037        1.1936210842519958E-8
15.26769024825413         1.2181984865972436E-8
15.28786033848911         1.2287893597746697E-8
15.339230281607707        1.244534709573272E-8
15.357155072594189        1.250619122451148E-8
15.410466386394349        1.2607084073626422E-8
15.426977124378592        1.2644668152476444E-8
15.481580175702652        1.2717032493058968E-8
15.496736232689052        1.2733543063699442E-8
15.552013455500319        1.2780558808826784E-8
15.566697493866574        1.2790683357012516E-8
15.622064436354059        1.282000844318014E-8
15.636585541195135        1.2821422899906519E-8
15.691896883120876        1.2839271100556592E-8
15.706409865933859        1.2842546272111398E-8
15.761654308536166        1.2851293484426286E-8
15.776266343676772        1.2855805088355066E-8
15.831436765267007        1.2854677570220553E-8
15.846165142937142        1.2857213033385829E-8
15.901239893937117        1.2851623864354093E-8
15.91603172407385         1.2852639674223777E-8
15.971074582930157        1.2843714229191578E-8
15.985854585879402        1.2843559829558175E-8
16.04090791719084         1.2832108567190533E-8
16.055673182460765        1.2831050297101346E-8
16.110748480451644        1.2819270296565297E-8
16.125510759914153        1.281591735368151E-8
16.180574953513023        1.2802519591435608E-8
16.195448309603034        1.2798759713337115E-8
16.25043046062995         1.2782873291322654E-8
16.265429107166867        1.2778863839415941E-8
16.320375939472896        1.276337115823571E-8
16.335333059466763        1.2759144351131614E-8
16.39038199097028         1.2742931476390015E-8
16.405177466928432        1.2739548462141171E-8
16.460389374104853        1.2721826341862859E-8
16.475086483637938        1.2718264969221023E-8
16.530409630675674        1.2700254649563808E-8
16.5451295211007          1.2696529712952618E-8
16.60046056690845         1.2678377206785949E-8
16.615269936586444        1.267450884225596E-8
16.670495561705877        1.2656348551819846E-8
16.685421019412903        1.2652362802716596E-8
16.740475328709472        1.263494958346526E-8
16.755515673659918        1.2630222054968136E-8
16.810428309317484        1.2612905563426366E-8
16.82553731394187         1.2608180543550486E-8
16.880392763762245        1.2590441685257126E-8
16.89549379145329         1.2585793889772398E-8
16.950370501676346        1.2568773558625437E-8
16.965421226840462        1.2564188333147005E-8
17.020375423216613        1.2547350567474764E-8
17.035378060786034        1.2543282776545273E-8
17.090446784971114        1.2526207206958246E-8
17.105386852379596        1.2522193649492817E-8
17.160577591674702        1.2505385204693425E-8
17.175428242717334        1.2501443263126582E-8
17.2307011298096          1.248493737221037E-8
17.245457604567065        1.2481076178541789E-8
17.300744069134048        1.2464911035541629E-8
17.3154515309703          1.2461124721762804E-8
17.370745953077765        1.244566690643551E-8
17.385396828467336        1.2441612852639612E-8
17.44062605999826         1.2426521551655398E-8
17.45536959466651         1.2422538897751477E-8
17.51046621121075         1.2407537321628762E-8
17.525307083654795        1.240365632952748E-8
17.58030748450151         1.238934704285376E-8
17.59517618152007         1.2385560881012688E-8
17.6501666458332          1.2371632168501166E-8
17.66499560081208         1.2368199608604425E-8
17.720049762205885        1.2354401371747677E-8
17.734841439113687        1.2351066855975316E-8
17.78998074899299         1.2337657397905216E-8
17.804784975451817        1.2334411875146677E-8
17.859996106883024        1.2321399453348087E-8
17.874835438857303        1.2318240273500866E-8
17.93007596396862         1.2305639141304093E-8
17.94494467104361         1.2302569809426351E-8
18.00013659823645         1.2290602468689878E-8
18.01504705613901         1.2287419915196197E-8
18.070129051609268        1.2275884293664417E-8
18.085096865844758        1.2272802727592715E-8
18.140077881808743        1.2261520097108807E-8
18.155088267168836        1.2258565021832024E-8
18.210024548273317        1.2247869198208085E-8
18.225050998993936        1.2245023121526006E-8
18.279993808643592        1.2234739430873997E-8
18.295026084281194        1.2232141380575803E-8
18.349983847160885        1.2222132790913591E-8
18.36501814320847         1.2219638370470026E-8
18.41996078847082         1.2210056156896051E-8
18.434993811103503        1.2207666453460285E-8
18.489899932789545        1.2198513548346097E-8
18.504937841079215        1.219622800110087E-8
18.559813443227668        1.2187502419967018E-8
18.574872460795213        1.2185319056806124E-8
18.629720146756473        1.2177134410710368E-8
18.644824407006443        1.2174935548442707E-8
18.699625807845166        1.2167170907339404E-8
18.71480184853342         1.2165076451704156E-8
18.769538481773083        1.215763352375974E-8
18.78480021630496         1.2155658519927507E-8
18.83946941601579         1.2148727358687789E-8
18.854790991292933        1.214685927329894E-8
18.909400182527826        1.2140347193254765E-8
18.924713538880454        1.2138665919993536E-8
18.97929767940784         1.2132495897760786E-8
18.994550356268967        1.213092925215284E-8
19.049180298831214        1.2125170093155564E-8
19.064391161034145        1.2123715481570744E-8
19.119116343903237        1.2118362455888544E-8
19.134316834362043        1.2117016701319517E-8
19.189134794971757        1.2112071206869787E-8
19.20431016991382         1.2110835610511999E-8
19.259175761280023        1.2106358495774463E-8
19.27434911804409         1.2105174629840555E-8
19.329179243700363        1.2101109615423152E-8
19.344432856759816        1.2100033956678791E-8
19.39915822423472         1.2096339814108396E-8
19.41451940823825         1.2095379806275074E-8
19.469130553580577        1.2092142250031592E-8
19.484532113501412        1.2091293768504923E-8
19.539071789771423        1.208846700011322E-8
19.55442932687787         1.208776167644361E-8
19.608973691885353        1.2085313143213236E-8
19.624260541097165        1.2084719384204833E-8
19.6788855528384          1.208267765007261E-8
19.6941225788956          1.2082193798502036E-8
19.748878825988655        1.20805585036577E-8
19.764070959530024        1.208018384572435E-8
19.818973788172983        1.2078956824809712E-8
19.83410019180735         1.20786912130353E-8
19.8890899175729          1.207788389423887E-8
19.904164401326632        1.2077717914065351E-8
19.959116927794256        1.2077318764116043E-8
19.974207970649392        1.207726463867392E-8
20.029045838218575        1.2077274251219369E-8
20.0442121195561          1.2077332527810869E-8
20.098965550388645        1.2077751076747148E-8
20.114180705745802        1.2077921562262074E-8
20.168954619279013        1.2078747249197352E-8
20.184095735141604        1.207901807370052E-8
20.239027319605174        1.2080264783639775E-8
20.253960356612442        1.2080637494212829E-8
20.309150704464           1.2082304510672994E-8
20.323836048315037        1.2082774806328822E-8
20.37928521936886         1.2084866176329743E-8
20.393755892672846        1.2085431859302584E-8
20.44941958503554         1.2087950020575833E-8
20.463667672517555        1.208860764483848E-8
20.519579740100674        1.2091517328654602E-8
20.53355385299588         1.209230143867125E-8
20.58980801419862         1.2095646480861495E-8
20.603556917141255        1.2096521788028356E-8
20.660081118499292        1.2100356080479092E-8
20.673777472649117        1.2101324832610776E-8
20.73023744253506         1.2105536153634201E-8
20.744036629888512        1.210661492813203E-8
20.80016187922834         1.2111222268940432E-8
20.81414189297445         1.2112363449216316E-8
20.869979410419724        1.2117421295840809E-8
20.88416959654124         1.211868056214057E-8
20.939875463092953        1.2124149612638729E-8
20.95425356188202         1.2125527856401043E-8
21.00984960536266         1.2131409798073986E-8
21.024380332185018        1.2132906106832345E-8
21.079861027416488        1.2139199687861409E-8
21.094438489748633        1.2140804368512543E-8
21.14985625302872         1.2147422925736474E-8
21.164393930000763        1.2149217370595633E-8
21.219820054961563        1.2156253391733294E-8
21.23428596897765         1.215814829058204E-8
21.289769909766036        1.2165714268116367E-8
21.304132625462653        1.2167695033370913E-8
21.359723835209472        1.2175605104992843E-8
21.373932461058935        1.2177672534632551E-8
21.429696403476107        1.2186026423427524E-8
21.443768281591865        1.2188069055103188E-8
21.49962132775455         1.2196968456202578E-8
21.513743449290367        1.2199117257025203E-8
21.569512032553927        1.220843262742129E-8
21.58376564740551         1.2210701561700188E-8
21.63935611480015         1.2220415748027458E-8
21.65374428783561         1.2222807040679609E-8
21.709159069470367        1.2232761755312151E-8
21.72368609949403         1.2235433720838444E-8
21.77899219019358         1.2245785044442684E-8
21.793632768879483        1.2248588067647261E-8
21.848892281776816        1.2259345036834801E-8
21.863540666263482        1.2262260116490189E-8
21.918782616195465        1.2273615002441891E-8
21.933354318590897        1.2276602109178322E-8
21.988591937668524        1.2288211289231955E-8
22.003204877996122        1.2291313326030775E-8
22.058352020919607        1.2303314233256358E-8
22.073203750511762        1.2306385818908858E-8
22.128111012715333        1.231893093235597E-8
22.1432597498185          1.2322164495853202E-8
22.197867547583115        1.2335057394842958E-8
22.21325382421825         1.2338441774997109E-8
22.267716386721112        1.235171066083578E-8
22.283136111675148        1.2355199155385323E-8
22.337598153630324        1.236887209905981E-8
22.353020647621655        1.2372454149491156E-8
22.407571259379516        1.2386264313923798E-8
22.422891773551427        1.2390195219666758E-8
22.47758076308336         1.2404413767729725E-8
22.492773097393442        1.2408417934689335E-8
22.547595751945106        1.2423365178600118E-8
22.562677117761783        1.242740250105396E-8
22.617637595983744        1.2442479270248711E-8
22.632581522446053        1.2446576737450604E-8
22.68767080719582         1.246203590493345E-8
22.70246324840952         1.2465848578474777E-8
22.75762352071377         1.24819954417109E-8
22.772335204843294        1.2485845789561329E-8
22.827524000802306        1.2502342791926716E-8
22.842252888695796        1.2506250530559839E-8
22.897474754268742        1.2523081008948455E-8
22.912298431014705        1.2527060410570207E-8
22.96751457077467         1.2543701049827782E-8
22.982477173144737        1.2548246480953546E-8
23.037593693213672        1.25651043018811E-8
23.05268449613603         1.256974095569258E-8
23.10764943510688         1.2586762943763728E-8
23.122828840814485        1.2591469892892758E-8
23.177657428148763        1.2609208638275845E-8
23.192878395826384        1.2613931100268158E-8
23.24762559230828         1.2631238697665098E-8
23.26281935998711         1.2635971130565347E-8
23.317563812680937        1.2653334408404117E-8
23.332677395537182        1.2657378274061295E-8
23.38747532753585         1.2675405839000546E-8
23.40253148813067         1.2679349117308822E-8
23.45738449826031         1.2697351444727503E-8
23.472450877737867        1.2701178435940369E-8
23.52732981797019         1.2719050800255201E-8
23.542452294290527        1.272273207647361E-8
23.59731130910636         1.2739334327778708E-8
23.612518283948653        1.2743833974076853E-8
23.6672829991727          1.2759912442235149E-8
23.682587698760134        1.2764257066012401E-8
23.73721592423401         1.277960521388091E-8
23.752570344167758        1.2784908122291893E-8
23.807136452076065        1.2799474177779384E-8
23.82244567605193         1.2803226264983893E-8
23.877074611200843        1.281657957732475E-8
23.892311373296767        1.281990572040465E-8
23.947029515267023        1.2831648859260992E-8
23.962281783580064        1.2832732322732947E-8
24.016999061778513        1.2844053340110356E-8
24.03235530462132         1.2844197264753626E-8
24.086977118899693        1.285297461973932E-8
24.10243021225883         1.2851897256151351E-8
24.15692984193832         1.2857318189957617E-8
24.172428115977908        1.2854640407145454E-8
24.2268256309697          1.285251815294248E-8
24.24236310394376         1.2850813082372045E-8
24.296686488334807        1.2842111856048881E-8
24.312314679921915        1.28381460377242E-8
24.366581075541802        1.2820477113950325E-8
24.382345378759346        1.2817786542436902E-8
24.436555731224754        1.2788665836111674E-8
24.452470714054673        1.2776994759373998E-8
24.506584145065688        1.2730262214028761E-8
24.52273841567034         1.2711819202927912E-8
24.57652462024581         1.2639133832454092E-8
24.593302133545325        1.260026088066988E-8
24.646001721712487        1.2498274771102959E-8
24.664272795700054        1.2435121371462495E-8
24.71463352780457         1.227805543623728E-8
24.73551744491452         1.2166724967067638E-8
24.781791391789355        1.1923007872095507E-8
24.805872360363715        1.1714915842238878E-8
24.844968797638607        1.1331158161730514E-8
24.87259813840665         1.0936738333920865E-8
24.903360943545245        1.0369492510380566E-8
24.93389813002635         9.580426504230158E-9
24.95667140135403         8.788402940930667E-9
24.988721463112405        7.473876284237713E-9
25.00815863384441         6.472656489764592E-9
25.039635642921855        5.158313585214477E-9
25.06207534561888         4.3431371421253476E-9
25.092853905375865        3.5064745065259446E-9
25.11778874468775         3.0014394400662724E-9
25.14792454588236         2.517547826765349E-9
25.17342127958688         2.2223046251419424E-9
25.20413101444629         1.9152512437137044E-9
25.228988166132233        1.7390919463305658E-9
25.259703309705884        1.5372173582605413E-9
25.2843584153455          1.4186555313410284E-9
25.31462140485699         1.2788809672466516E-9
25.339158435908452        1.194123771965023E-9
25.36924885159257         1.0916694429144127E-9
25.393792974051323        1.0279876650311435E-9
25.423736241554796        9.499681786529682E-10
25.448209734947486        9.006486692372206E-10
25.478188503833465        8.391151104905432E-10
25.502552705384108        7.999004873205159E-10
25.532614891365697        7.501253044882079E-10
25.557055967518323        7.180438480735974E-10
25.58690859114156         6.773120693451252E-10
25.61142683526973         6.510353812217809E-10
25.641149626195073        6.163961587250979E-10
25.6656757813688          5.941094954636211E-10
25.695666433303472        5.648146514069747E-10
25.72017774946062         5.458232682860693E-10
25.750383689941078        5.204946278314607E-10
25.774913860234552        5.041336845801758E-10
25.804819459430146        4.823619648112936E-10
25.829498026615127        4.680428124592277E-10
25.858757692725487        4.4950358236101663E-10
25.88358106694841         4.3668339287389944E-10
25.91244764129125         4.204944290102682E-10
25.937523988761942        4.090447954234561E-10
25.96600605597584         3.947644701741077E-10
25.99283718634309         3.839107819472563E-10
26.020131737380378        3.714462566834883E-10
26.052037118708284        3.600445077101047E-10
26.076659579355674        3.495929259791994E-10
26.11742908767228         3.366547940889152E-10
26.137886695814156        3.2847335648522094E-10
26.19057639349846         3.1343511589780484E-10
26.205343536738553        3.078437287303881E-10
26.27195680145451         2.906069515483286E-10
26.279860170622197        2.895722931804374E-10
26.361612858078633        2.685255018106784E-10
26.36232531095706         2.705814332669131E-10
26.37015938399128         2.684317732836559E-10
26.45234158287505         2.5087275430280333E-10
26.460072397352967        2.4543740616922254E-10
26.551439854085405        2.3171512825235237E-10
26.569454647303992        2.2608192721241852E-10
26.660835165756016        2.1334557286271308E-10
26.690349736971175        2.0761355351347546E-10
26.78173565215691         1.9581108609969459E-10
26.82396460015241         1.9115597312821223E-10
26.91544150692615         1.782593687588937E-10
26.971247048585003        1.7345715134480404E-10
27.06311508497337         1.6339450332172033E-10
27.134221701892823        1.578095732883786E-10
27.225701731526573        1.4858737316300618E-10
27.31387142299122         1.4315837478467708E-10
27.40538427785676         1.3467981421862069E-10
27.51249058398411         1.2943717580191092E-10
27.60382528480876         1.222453305145801E-10
27.731777446020317        1.1665606491988387E-10
27.822961714638048        1.0955848135082816E-10
27.973917455583937        1.0376033521937864E-10
28.065026834002907        9.830975609075312E-11
28.240958616402104        9.382574569258328E-11
28.331956671721663        8.79306219285199E-11
28.53628155153884         8.368421126535742E-11
28.62704885205732         7.831861512539596E-11
28.862343275541292        7.435242139836773E-11
28.953222810009468        6.94709823920777E-11
29.222652885685285        6.57526804965542E-11
29.31341773458468         6.134483392064578E-11
29.61973328756001         5.7887769047364095E-11
29.71166167274305         5.390108022417778E-11
30.057837716707553        5.067527151247938E-11
30.15073150248292         4.974491809665066E-11
30.536512049636325        4.177664009223949E-11
30.630256550039732        4.3476846337253934E-11
31.031455472941865        3.637559494341356E-11
31.124870061744993        3.595169917718751E-11
31.527285081229202        3.384896346952901E-11
31.620487732662383        3.15898720599398E-11
32.02339022402027         2.980820964997771E-11
32.11629076752495         2.786345347495495E-11
32.51956379452906         2.6323328361215945E-11
32.61207075220499         2.5979923697260354E-11
33.01549293401101         2.206478603592661E-11
33.10778684733246         2.1804665927299726E-11
33.511239905070724        2.0621159446222096E-11
33.603430656328754        1.930150046709916E-11
34.006896269341716        1.8245991636668388E-11
34.09903168598808         1.7062034445530504E-11
34.5025040361518          1.6111460669447764E-11
34.594609432792694        1.5905301308670402E-11
34.99809070348513         1.3370638563516374E-11
35.09016029498617         1.3987374291600725E-11
35.49366373995479         1.166072560449218E-11
35.585666955489046        1.1499569376049557E-11
35.989221483328336        1.0767254693343704E-11
36.08113144455413         9.926878237651942E-12
36.48477802445824         9.244342199037489E-12
36.57652647361557         8.455968590644117E-12
36.98034573468866         7.816225950891797E-12
37.071587509511204        7.671302916036897E-12
37.47585414877008         5.8632025928518155E-12
37.56578983379636         6.324224604113569E-12
37.970781784943895        4.5829933160383256E-12
38.06041133882444         4.492168964133094E-12
38.46498997026846         3.939934770667803E-12
38.55265902635642         3.2938717132564528E-12
38.956921121960605        2.8085307767331215E-12
39.046889143660465        2.131068678362955E-12
39.459359487380326        1.4079165973244496E-12
39.541687595388666        1.2885472057389704E-12
39.927968342810246        5.42779340424457E-13
40                        0
