0                         3.046543791155623E-9
0.07805434413728563       3.0470231962670467E-9
0.46377163549633593       3.049456924268949E-9
0.5514063657489849        3.0505698755196958E-9
0.9516472057734973        3.057918073206103E-9
1.0478214384075777        3.0602304551474056E-9
1.4523294608048616        3.0726017867167723E-9
1.5470765253210246        3.076044989770967E-9
1.9534856880700069        3.0935595784274957E-9
2.0474310371293036        3.097274246257903E-9
2.454056108939703         3.120015798293595E-9
2.547689597033134         3.1258391776069513E-9
2.954570297390177         3.1540702345846403E-9
3.0479803410959327        3.16215447681871E-9
3.45516746268639          3.1962075602754147E-9
3.5482806476163447        3.2046278249692856E-9
3.9557135162454813        3.2447930797755826E-9
4.048727777383773         3.2546334477123905E-9
4.456257602382033         3.3013124133464438E-9
4.549119733636974         3.3114371044027228E-9
4.956707042019339         3.3650393968086545E-9
5.049481698704806         3.378008948602178E-9
5.457096119779347         3.4392067680296496E-9
5.549824854654089         3.455426070137574E-9
5.957435411393263         3.5250691934555975E-9
6.050159073373679         3.5418212273004696E-9
6.457747157798011         3.6206870344319465E-9
6.5504830737703           3.639632977641252E-9
6.95802287256938          3.728793782302193E-9
7.0507813229897565        3.748160429533319E-9
7.458253249339414         3.848700640431858E-9
7.5510096891655           3.8728329504484145E-9
7.958443290206025         3.986563991164859E-9
8.051169939712516         4.01653316438493E-9
8.458484664921919         4.145796346379765E-9
8.551031423735976         4.176765580233457E-9
8.957834079607624         4.323637841731192E-9
9.050175018909528         4.358805882178462E-9
9.450062544259291         4.5236431740445515E-9
9.542972132954212         4.560256610999922E-9
9.915277414550783         4.735545781757201E-9
10.006811874453579        4.781228334525195E-9
10.337809111870454        4.962732281468026E-9
10.42818498854714         5.013846506991046E-9
10.720520618044574        5.191665222556258E-9
10.810032962972661        5.24905884697815E-9
11.066073879717166        5.424621374637792E-9
11.155604149489289        5.489336407575649E-9
11.378272567873472        5.6607286355015394E-9
11.468213067023978        5.733653149181033E-9
11.660443390370496        5.899105234080502E-9
11.750470302057657        5.980570376932925E-9
11.915751609787906        6.139006074237205E-9
12.005869479367025        6.229674373059097E-9
12.146685343038698        6.379406634866901E-9
12.236935752713318        6.479979055810305E-9
12.355619755552187        6.619436202789145E-9
12.446192549362234        6.7308371935707985E-9
12.544614280124396        6.858183715129082E-9
12.635398557565924        6.9809560132725305E-9
12.715784849220963        7.095083322023724E-9
12.806651182795477        7.229747773177155E-9
12.870621562935217        7.329037032402505E-9
12.96158888110872         7.476259660507445E-9
13.0105991463716          7.560639358130174E-9
13.101544427508411        7.719283003936968E-9
13.13713847807239         7.784628382010576E-9
13.227837176149592        7.957773913339687E-9
13.251802670324668        8.005365023331574E-9
13.342089544184876        8.191614635639306E-9
13.355804956340837        8.220939595957157E-9
13.445546780738228        8.420364459405116E-9
13.44985713302            8.430171924957717E-9
13.493334310259918        8.533901883880151E-9
13.535298145264811        8.636736296932239E-9
13.539415217078382        8.646858620230293E-9
13.612953917364212        8.830623969268683E-9
13.624392157892233        8.86312234767281E-9
13.68315615320668         9.020182932038523E-9
13.701001855734205        9.07172195852891E-9
13.746769771768221        9.202228682206012E-9
13.769449248516207        9.269783709316504E-9
13.804863069747897        9.378284636438286E-9
13.830904051190272        9.459627216788054E-9
13.860046569857836        9.553883758210511E-9
13.888171449099996        9.646810779138366E-9
13.914877365002114        9.738095347299289E-9
13.943909322973           9.839380165475313E-9
13.969928385133784        9.933764910910434E-9
13.999374498464988        1.004264089081883E-8
14.025147834470456        1.014200155713689E-8
14.054662401376456        1.0257983832005183E-8
14.080268279368978        1.0363183184782885E-8
14.109770581397688        1.0486762673666469E-8
14.135135763078958        1.0598172639350516E-8
14.164658126714668        1.0730395005319785E-8
14.189717422280228        1.084851194353019E-8
14.219251776375318        1.0990386966325089E-8
14.244144553861501        1.1116850354946104E-8
14.273731247548476        1.1269859384955337E-8
14.298752795819864        1.1407870136529575E-8
14.328416686673467        1.1573518735809786E-8
14.353780895403089        1.1725898709440713E-8
14.383407026077991        1.1906657388127044E-8
14.409060438298255        1.2074799176393783E-8
14.4386046261852          1.2272603463276805E-8
14.464314618280438        1.2458931853827085E-8
14.49379435761006         1.2676729401796122E-8
14.519472630363834        1.288446291635908E-8
14.548831609209186        1.3125518462620997E-8
14.574575455811258        1.3360658840072202E-8
14.603796550830666        1.3628488038222327E-8
14.62969441581598         1.3900236875926294E-8
14.65882643899083         1.4202364669376158E-8
14.684885636896492        1.4520484566358001E-8
14.71403972785653         1.4866032715263293E-8
14.740161604981989        1.524480096409964E-8
14.769558358076713        1.5646146700729612E-8
14.795447369356902        1.6103395872787486E-8
14.825569887057739        1.6576387944468183E-8
14.850367452624749        1.7115686768420228E-8
14.882369587864865        1.7683002572303973E-8
14.904437623500476        1.828478528006048E-8
14.939825350545604        1.8871999970538512E-8
14.956445714200536        1.9329477095867474E-8
14.99256119578417         1.9621174165442406E-8
15.008775594580385        1.9568844640927647E-8
15.042956209420101        1.927368468305381E-8
15.06531966438919         1.8609500729921608E-8
15.096314209402689        1.8049784990981012E-8
15.127936503074334        1.7175691406898996E-8
15.155186208951255        1.6652028772609176E-8
15.196331236810378        1.577172313147438E-8
15.220099149886037        1.5390319237076925E-8
15.26769024825413         1.4560746898618576E-8
15.28786033848911         1.4284513932690483E-8
15.339230281607707        1.3555334213582288E-8
15.357155072594189        1.3344620711658252E-8
15.410466386394349        1.2709519759721461E-8
15.426977124378592        1.2540516914618233E-8
15.481580175702652        1.1968654010744016E-8
15.496736232689052        1.1844668339874165E-8
15.552013455500319        1.1337859884829682E-8
15.566697493866574        1.1229737459962582E-8
15.622064436354059        1.0778699506204507E-8
15.636585541195135        1.0672948585020217E-8
15.691896883120876        1.0282931330703025E-8
15.706409865933859        1.017951105953131E-8
15.761654308536166        9.824402084810443E-9
15.776266343676772        9.735030733254721E-9
15.831436765267007        9.403543890884325E-9
15.846165142937142        9.320257334362192E-9
15.901239893937117        9.014692520121692E-9
15.91603172407385         8.93693482022877E-9
15.971074582930157        8.653271656224372E-9
15.985854585879402        8.580697921015957E-9
16.04090791719084         8.315790614239374E-9
16.055673182460765        8.247777504688455E-9
16.110748480451644        7.99634921479268E-9
16.125510759914153        7.935184204632893E-9
16.180574953513023        7.69860991853173E-9
16.195448309603034        7.640205811051606E-9
16.25043046062995         7.419385107387355E-9
16.265429107166867        7.358989230972211E-9
16.320375939472896        7.1519784657942005E-9
16.335333059466763        7.09483641138386E-9
16.39038199097028         6.89759014819504E-9
16.405177466928432        6.845557368496881E-9
16.460389374104853        6.6551496350236845E-9
16.475086483637938        6.6057938102010066E-9
16.530409630675674        6.423505218429266E-9
16.5451295211007          6.3762011585717856E-9
16.60046056690845         6.201646354883066E-9
16.615269936586444        6.156010636512148E-9
16.670495561705877        5.988878620268644E-9
16.685421019412903        5.9446914041429594E-9
16.740475328709472        5.7833683813577085E-9
16.755515673659918        5.741704757746448E-9
16.810428309317484        5.586838385283749E-9
16.82553731394187         5.546427419754538E-9
16.880392763762245        5.398295755576356E-9
16.89549379145329         5.357317491723493E-9
16.950370501676346        5.215114742794294E-9
16.965421226840462        5.1756540620036654E-9
17.020375423216613        5.037879931261857E-9
17.035378060786034        5.0006202902556165E-9
17.090446784971114        4.866072371385098E-9
17.105386852379596        4.830101580791824E-9
17.160577591674702        4.699332479582744E-9
17.175428242717334        4.664627849428614E-9
17.2307011298096          4.537467319840683E-9
17.245457604567065        4.5039574521887255E-9
17.300744069134048        4.3803116713716614E-9
17.3154515309703          4.347820008774351E-9
17.370745953077765        4.226824558445751E-9
17.385396828467336        4.195947118369797E-9
17.44062605999826         4.078226871260555E-9
17.45536959466651         4.047902667283026E-9
17.51046621121075         3.933958405627502E-9
17.525307083654795        3.9030841539461724E-9
17.58030748450151         3.792540273688745E-9
17.59517618152007         3.762344511281558E-9
17.6501666458332          3.654329641698863E-9
17.66499560081208         3.625330374348157E-9
17.720049762205885        3.5191182530647493E-9
17.734841439113687        3.490809427333902E-9
17.78998074899299         3.3866791818854257E-9
17.804784975451817        3.3589289605367658E-9
17.859996106883024        3.25677938046386E-9
17.874835438857303        3.2295139654971125E-9
17.93007596396862         3.1293034343724334E-9
17.94494467104361         3.102503798255809E-9
18.00013659823645         3.003885372635387E-9
18.01504705613901         2.977870522730707E-9
18.070129051609268        2.881228410850361E-9
18.085096865844758        2.855552236422485E-9
18.140077881808743        2.76108467471825E-9
18.155088267168836        2.735147062904962E-9
18.210024548273317        2.64258358876236E-9
18.225050998993936        2.617045365224243E-9
18.279993808643592        2.5259124921106086E-9
18.295026084281194        2.501009038187564E-9
18.349983847160885        2.4109637487708577E-9
18.36501814320847         2.386419782426717E-9
18.41996078847082         2.2976869438144662E-9
18.434993811103503        2.273485763742949E-9
18.489899932789545        2.1860194309978722E-9
18.504937841079215        2.1621299670375125E-9
18.559813443227668        2.075843719810727E-9
18.574872460795213        2.0522205952378467E-9
18.629720146756473        1.9668274533508263E-9
18.644824407006443        1.9436250971496997E-9
18.699625807845166        1.8593082754119067E-9
18.71480184853342         1.8362450894746373E-9
18.769538481773083        1.753147134931799E-9
18.78480021630496         1.7298564746626091E-9
18.83946941601579         1.6478702836436938E-9
18.854790991292933        1.62473276337775E-9
18.909400182527826        1.5436242612679906E-9
18.924713538880454        1.5208520968291504E-9
18.97929767940784         1.44038307798339E-9
18.994550356268967        1.417899337696284E-9
19.049180298831214        1.3380464874358992E-9
19.064391161034145        1.3158066034625296E-9
19.119116343903237        1.236445430725331E-9
19.134316834362043        1.214388239149143E-9
19.189134794971757        1.1354722337119625E-9
19.20431016991382         1.1136046600418335E-9
19.259175761280023        1.0350475181021838E-9
19.27434911804409         1.0134233338025122E-9
19.329179243700363        9.354049211854674E-10
19.344432856759816        9.137821903158963E-10
19.39915822423472         8.364321022285392E-10
19.41451940823825         8.146143078213305E-10
19.469130553580577        7.378705207628651E-10
19.484532113501412        7.161041441087711E-10
19.539071789771423        6.397850382783176E-10
19.55442932687787         6.18223907013654E-10
19.608973691885353        5.421275887676153E-10
19.624260541097165        5.207390551985842E-10
19.6788855528384          4.447710088597444E-10
19.6941225788956          4.23512851304092E-10
19.748878825988655        3.475589638510815E-10
19.764070959530024        3.2641171386455254E-10
19.818973788172983        2.504072570985469E-10
19.83410019180735         2.2938738280573675E-10
19.8890899175729          1.533562491667502E-10
19.904164401326632        1.3244731476027316E-10
19.959116927794256        5.6541324794513836E-11
19.974207970649392        3.561221584920397E-11
20.029045838218575        4.010814007263449E-11
20.0442121195561          6.114478548828425E-11
20.098965550388645        1.367743240085755E-10
20.114180705745802        1.5788350442734434E-10
20.168954619279013        2.336156728442285E-10
20.184095735141604        2.5465731540539477E-10
20.239027319605174        3.3070843186790516E-10
20.253960356612442        3.514973793758436E-10
20.309150704464           4.2806374419078524E-10
20.323836048315037        4.4855587878745145E-10
20.37928521936886         5.256838062451633E-10
20.393755892672846        5.459355598086404E-10
20.44941958503554         6.236109105097891E-10
20.463667672517555        6.436210584647458E-10
20.519579740100674        7.218655566784132E-10
20.53355385299588         7.416459868078132E-10
20.58980801419862         8.207044547612103E-10
20.603556917141255        8.402701301676025E-10
20.660081118499292        9.20190114866441E-10
20.673777472649117        9.396164866774078E-10
20.73023744253506         1.0199706786744971E-9
20.744036629888512        1.0396516870212274E-9
20.80016187922834         1.1200284615000202E-9
20.81414189297445         1.1401860794776924E-9
20.869979410419724        1.220602192798642E-9
20.88416959654124         1.2412062931043798E-9
20.939875463092953        1.3220236607844784E-9
20.95425356188202         1.343060180138305E-9
21.00984960536266         1.4243620680382024E-9
21.024380332185018        1.445797704968267E-9
21.079861027416488        1.5276299849190218E-9
21.094438489748633        1.5493256481436792E-9
21.14985625302872         1.6316499713026464E-9
21.164393930000763        1.65366320967503E-9
21.219820054961563        1.7368011715930267E-9
21.23428596897765         1.7589405334959232E-9
21.289769909766036        1.8432262750539629E-9
21.304132625462653        1.8650927583763744E-9
21.359723835209472        1.950650743927931E-9
21.373932461058935        1.9725155840180756E-9
21.429696403476107        2.059364554827679E-9
21.443768281591865        2.081462343257176E-9
21.49962132775455         2.169348853077364E-9
21.513743449290367        2.1918085666907595E-9
21.569512032553927        2.280713808344648E-9
21.58376564740551         2.3036870015584296E-9
21.63935611480015         2.3935330886997697E-9
21.65374428783561         2.4170500872672474E-9
21.709159069470367        2.507624186890915E-9
21.72368609949403         2.5320077435855923E-9
21.77899219019358         2.623771040496562E-9
21.793632768879483        2.6487347280453064E-9
21.848892281776816        2.741873848374101E-9
21.863540666263482        2.7672702900887345E-9
21.918782616195465        2.862269572390732E-9
21.933354318590897        2.887336956075365E-9
21.988591937668524        2.984282932672067E-9
22.003204877996122        3.009853863796849E-9
22.058352020919607        3.108416475309419E-9
22.073203750511762        3.135215072863647E-9
22.128111012715333        3.2348938503430175E-9
22.1432597498185          3.26275729467359E-9
22.197867547583115        3.3638633272368414E-9
22.21325382421825         3.3927334151217884E-9
22.267716386721112        3.4956661055460224E-9
22.283136111675148        3.525205374683015E-9
22.337598153630324        3.6303646763256166E-9
22.353020647621655        3.660554770544938E-9
22.407571259379516        3.767752957072212E-9
22.422891773551427        3.798935523316353E-9
22.47758076308336         3.908905429011396E-9
22.492773097393442        3.940591401469947E-9
22.547595751945106        4.054085839495236E-9
22.562677117761783        4.08524394892015E-9
22.617637595983744        4.202440071576727E-9
22.632581522446053        4.234074852461098E-9
22.68767080719582         4.354687558143458E-9
22.70246324840952         4.387412064217363E-9
22.75762352071377         4.510929840380179E-9
22.772335204843294        4.544383975786274E-9
22.827524000802306        4.671507563283728E-9
22.842252888695796        4.705974541535481E-9
22.897474754268742        4.836973368908088E-9
22.912298431014705        4.872714865519297E-9
22.96751457077467         5.006891095272979E-9
22.982477173144737        5.0450022811746354E-9
23.037593693213672        5.183266073480634E-9
23.05268449613603         5.2229932623380095E-9
23.10764943510688         5.365529598623402E-9
23.122828840814485        5.4068889181593435E-9
23.177657428148763        5.555163794220319E-9
23.192878395826384        5.5960754897551565E-9
23.24762559230828         5.750610235621667E-9
23.26281935998711         5.7929215599504426E-9
23.317563812680937        5.9534799078611006E-9
23.332677395537182        5.9983211622091105E-9
23.38747532753585         6.164419287684033E-9
23.40253148813067         6.210910900956355E-9
23.45738449826031         6.384224089548831E-9
23.472450877737867        6.432737479684407E-9
23.52732981797019         6.6138494069815074E-9
23.542452294290527        6.664733394328934E-9
23.59731130910636         6.852426826385162E-9
23.612518283948653        6.907845505291858E-9
23.6672829991727          7.1043698916188215E-9
23.682587698760134        7.1629971197882845E-9
23.73721592423401         7.3691400767738285E-9
23.752570344167758        7.429036742033286E-9
23.807136452076065        7.650747654022622E-9
23.82244567605193         7.711277341178031E-9
23.877074611200843        7.946366295730371E-9
23.892311373296767        8.009940728936162E-9
23.947029515267023        8.260218278542092E-9
23.962281783580064        8.330683900218581E-9
24.016999061778513        8.59470801742559E-9
24.03235530462132         8.670391161655894E-9
24.086977118899693        8.952749071271659E-9
24.10243021225883         9.034345003141864E-9
24.15692984193832         9.337751650280426E-9
24.172428115977908        9.425842364754202E-9
24.2268256309697          9.748358630211117E-9
24.24236310394376         9.849513471503463E-9
24.296686488334807        1.020031707892703E-8
24.312314679921915        1.0311657279162333E-8
24.366581075541802        1.0696423964928802E-8
24.382345378759346        1.081245438692021E-8
24.436555731224754        1.1256282878431713E-8
24.452470714054673        1.137611230238477E-8
24.506584145065688        1.1875351820685387E-8
24.52273841567034         1.2010190957849825E-8
24.57652462024581         1.2577899573626024E-8
24.593302133545325        1.2750972078881992E-8
24.646001721712487        1.3383835609731714E-8
24.664272795700054        1.3600415176293271E-8
24.71463352780457         1.4321092876877626E-8
24.73551744491452         1.460952022859286E-8
24.781791391789355        1.5422638561782534E-8
24.805872360363715        1.5812338749907694E-8
24.844968797638607        1.665679371899217E-8
24.87259813840665         1.7189467986465406E-8
24.903360943545245        1.8041299878987883E-8
24.93389813002635         1.8594806075951882E-8
24.95667140135403         1.926485449917942E-8
24.988721463112405        1.955364225224955E-8
25.00815863384441         1.9589568906727224E-8
25.039635642921855        1.9426083808518903E-8
25.06207534561888         1.8834705166829847E-8
25.092853905375865        1.8345646282159004E-8
25.11778874468775         1.767900773511367E-8
25.14792454588236         1.715009488276343E-8
25.17342127958688         1.6594576628321835E-8
25.20413101444629         1.6110539545407426E-8
25.228988166132233        1.5668366496946537E-8
25.259703309705884        1.5245765257639018E-8
25.2843584153455          1.4886678393503571E-8
25.31462140485699         1.4525681573662501E-8
25.339158435908452        1.4224828420262247E-8
25.36924885159257         1.3910733660168223E-8
25.393792974051323        1.3651953550962173E-8
25.423736241554796        1.3375869985706403E-8
25.448209734947486        1.315006368075842E-8
25.478188503833465        1.290334734805249E-8
25.502552705384108        1.2704076314632364E-8
25.532614891365697        1.2481250754466697E-8
25.557055967518323        1.2302141281747413E-8
25.58690859114156         1.2101412164777444E-8
25.61142683526973         1.1939615141803698E-8
25.641149626195073        1.1756678379080012E-8
25.6656757813688          1.1607820717863192E-8
25.695666433303472        1.143896879809618E-8
25.72017774946062         1.1302419340708192E-8
25.750383689941078        1.1145344523509686E-8
25.774913860234552        1.1019260605130467E-8
25.804819459430146        1.087492589098181E-8
25.829498026615127        1.075730814440186E-8
25.858757692725487        1.062537100690054E-8
25.88358106694841         1.0515378581670263E-8
25.91244764129125         1.0393530212529006E-8
25.937523988761942        1.0289589236433537E-8
25.96600605597584         1.0176559310511175E-8
25.99283718634309         1.0072394737032311E-8
26.020131737380378        9.970362474940868E-9
26.052037118708284        9.854310002465888E-9
26.076659579355674        9.767691828159044E-9
26.11742908767228         9.628813344013216E-9
26.137886695814156        9.561290817929592E-9
26.19057639349846         9.393520681198458E-9
26.205343536738553        9.34798039192526E-9
26.27195680145451         9.15024615140946E-9
26.279860170622197        9.123954296227156E-9
26.361612858078633        8.9019603349371E-9
26.36232531095706         8.895413632389244E-9
26.37015938399128         8.875343319225163E-9
26.45234158287505         8.663743438539236E-9
26.460072397352967        8.644693499445176E-9
26.551439854085405        8.42695814674153E-9
26.569454647303992        8.385815632885757E-9
26.660835165756016        8.185256078510285E-9
26.690349736971175        8.123147629486911E-9
26.78173565215691         7.939017186664235E-9
26.82396460015241         7.859293130162278E-9
26.91544150692615         7.690258952549186E-9
26.971247048585003        7.590243853870738E-9
27.06311508497337         7.435700585841006E-9
27.134221701892823        7.32126637942002E-9
27.225701731526573        7.181277297362208E-9
27.31387142299122         7.052358145795259E-9
27.40538427785676         6.9253630080359975E-9
27.51249058398411         6.7835417061390144E-9
27.60382528480876         6.668057602905014E-9
27.731777446020317        6.51605466270324E-9
27.822961714638048        6.4130292527330505E-9
27.973917455583937        6.248995756103802E-9
28.065026834002907        6.158276985962911E-9
28.240958616402104        5.9886586938526024E-9
28.331956671721663        5.9060370888083095E-9
28.53628155153884         5.73006180673136E-9
28.62704885205732         5.656617238283996E-9
28.862343275541292        5.476235354388883E-9
28.953222810009468        5.410960705080504E-9
29.222652885685285        5.227836385199236E-9
29.31341773458468         5.17023699642912E-9
29.61973328756001         4.986394675832834E-9
29.71166167274305         4.935081645331983E-9
30.057837716707553        4.7524865834057425E-9
30.15073150248292         4.702986353486226E-9
30.536512049636325        4.525268949054263E-9
30.630256550039732        4.48527211959205E-9
31.031455472941865        4.323943506746584E-9
31.124870061744993        4.292485292676878E-9
31.527285081229202        4.150296525730511E-9
31.620487732662383        4.119663272896726E-9
32.02339022402027         3.994325115496162E-9
32.11629076752495         3.967387418460004E-9
32.51956379452906         3.856585893999403E-9
32.61207075220499         3.830659107039742E-9
33.01549293401101         3.732779087665161E-9
33.10778684733246         3.7137987633141144E-9
33.511239905070724        3.626902016828558E-9
33.603430656328754        3.6083468490190205E-9
34.006896269341716        3.5314105102733752E-9
34.09903168598808         3.51499684023531E-9
34.5025040361518          3.446999223272279E-9
34.594609432792694        3.43110120403977E-9
34.99809070348513         3.3713007926710714E-9
35.09016029498617         3.3585866653434644E-9
35.49366373995479         3.3061666206033123E-9
35.585666955489046        3.296256799855701E-9
35.989221483328336        3.2505729339809592E-9
36.08113144455413         3.240951528918259E-9
36.48477802445824         3.20160793010631E-9
36.57652647361557         3.1933889370936282E-9
36.98034573468866         3.1599920341545073E-9
37.071587509511204        3.1521158341393217E-9
37.47585414877008         3.1243531064538356E-9
37.56578983379636         3.1187909595982085E-9
37.970781784943895        3.096368276085684E-9
38.06041133882444         3.0929166189176982E-9
38.46498997026846         3.075668249803399E-9
38.55265902635642         3.0724434037204434E-9
38.956921121960605        3.0603030002828693E-9
39.046889143660465        3.058044259357408E-9
39.459359487380326        3.0505470720241473E-9
39.541687595388666        3.0486552244197173E-9
39.927968342810246        3.0470275055193573E-9
40                        3.0466105107044833E-9
