0                         3.046543791155623E-9
0.07805434413728563       3.047023251802092E-9
0.46377163549633593       3.0494570672505405E-9
0.5514063657489849        3.0505702348007165E-9
0.9516472057734973        3.057918756799261E-9
1.0478214384075777        3.0602316354013727E-9
1.4523294608048616        3.072603506603948E-9
1.5470765253210246        3.076047484100546E-9
1.9534856880700069        3.0935628570301674E-9
2.0474310371293036        3.097277721538587E-9
2.454056108939703         3.1200223270420927E-9
2.547689597033134         3.1258447975528824E-9
2.954570297390177         3.154079757910474E-9
3.0479803410959327        3.1621642991901785E-9
3.45516746268639          3.1962189606415843E-9
3.5482806476163447        3.204641420047378E-9
3.9557135162454813        3.2448085885659437E-9
4.048727777383773         3.254651648724316E-9
4.456257602382033         3.301332906544138E-9
4.549119733636974         3.3114581012539424E-9
4.956707042019339         3.365069243881528E-9
5.049481698704806         3.378036043927721E-9
5.457096119779347         3.4392445858473695E-9
5.549824854654089         3.4554646525781133E-9
5.957435411393263         3.5251116537291446E-9
6.050159073373679         3.5418695888665007E-9
6.457747157798011         3.6207400344178393E-9
6.5504830737703           3.639693203971415E-9
6.95802287256938          3.728859585600383E-9
7.0507813229897565        3.748227425755815E-9
7.458253249339414         3.848791567582146E-9
7.5510096891655           3.872915872486159E-9
7.958443290206025         3.986676718998333E-9
8.051169939712516         4.016647820818918E-9
8.458484664921919         4.14592126026185E-9
8.551031423735976         4.176908044209768E-9
8.957834079607624         4.323793342943875E-9
9.050175018909528         4.358983662812313E-9
9.450062544259291         4.523837495725854E-9
9.542972132954212         4.560458388890202E-9
9.915277414550783         4.735816484345088E-9
10.006811874453579        4.781484057517836E-9
10.337809111870454        4.963033607254192E-9
10.42818498854714         5.0141896132367935E-9
10.720520618044574        5.192035926865295E-9
10.810032962972661        5.249478809318866E-9
11.066073879717166        5.4250727506994215E-9
11.155604149489289        5.48984526805293E-9
11.378272567873472        5.661273474577577E-9
11.468213067023978        5.7342646019989525E-9
11.660443390370496        5.899757556460224E-9
11.750470302057657        5.9812993871205905E-9
11.915751609787906        6.139781962627727E-9
12.005869479367025        6.2305383441724E-9
12.146685343038698        6.3803236886860904E-9
12.236935752713318        6.480996715670314E-9
12.355619755552187        6.620513758507574E-9
12.446192549362234        6.73202912327556E-9
12.544614280124396        6.859442458307445E-9
12.635398557565924        6.982344016723122E-9
12.715784849220963        7.096545695911728E-9
12.806651182795477        7.231355473793102E-9
12.870621562935217        7.330726650069857E-9
12.96158888110872         7.478111645339846E-9
13.0105991463716          7.56255944294273E-9
13.101544427508411        7.721404604890788E-9
13.13713847807239         7.786846540268273E-9
13.227837176149592        7.960191348485999E-9
13.251802670324668        8.007885987615218E-9
13.342089544184876        8.194355213341286E-9
13.355804956340837        8.223790107052443E-9
13.445546780738228        8.423455446304674E-9
13.44985713302            8.43337820769489E-9
13.493334310259918        8.537232526411538E-9
13.535298145264811        8.640253003112788E-9
13.539415217078382        8.650404395589228E-9
13.612953917364212        8.834553099958625E-9
13.624392157892233        8.867100880706188E-9
13.68315615320668         9.024497995492193E-9
13.701001855734205        9.076156199607172E-9
13.746769771768221        9.206952039605663E-9
13.769449248516207        9.274677428527532E-9
13.804863069747897        9.383432828933394E-9
13.830904051190272        9.465019047592826E-9
13.860046569857836        9.559510158109447E-9
13.888171449099996        9.652734968606097E-9
13.914877365002114        9.74426442772289E-9
13.943909322973           9.845897445885849E-9
13.969928385133784        9.94056096496613E-9
13.999374498464988        1.0049844987622538E-8
14.025147834470456        1.0149527674908306E-8
14.054662401376456        1.0265987306758631E-8
14.080268279368978        1.0371562475512287E-8
14.109770581397688        1.0495703770589618E-8
14.135135763078958        1.0607554909721765E-8
14.164658126714668        1.0740444783121257E-8
14.189717422280228        1.0859083203673802E-8
14.219251776375318        1.1001759454917772E-8
14.244144553861501        1.1128849016904446E-8
14.273731247548476        1.1282834213763843E-8
14.298752795819864        1.1421606333458648E-8
14.328416686673467        1.1588474686198758E-8
14.353780895403089        1.1741818125020023E-8
14.383407026077991        1.1924128025405383E-8
14.409060438298255        1.2093499331040646E-8
14.4386046261852          1.2293282262365053E-8
14.464314618280438        1.2481211638552497E-8
14.49379435761006         1.2701606143211825E-8
14.519472630363834        1.2911469323722605E-8
14.548831609209186        1.315602122645074E-8
14.574575455811258        1.3394095336995255E-8
14.603796550830666        1.366675496365151E-8
14.62969441581598         1.3942758773712798E-8
14.65882643899083         1.425192931477469E-8
14.684885636896492        1.4576465845307847E-8
14.71403972785653         1.4932895649349392E-8
14.740161604981989        1.5321947562671102E-8
14.769558358076713        1.574146641352935E-8
14.795447369356902        1.6216463094259987E-8
14.825569887057739        1.6723277804857733E-8
14.850367452624749        1.7296495230797E-8
14.882369587864865        1.7936402774777925E-8
14.904437623500476        1.860624177934942E-8
14.939825350545604        1.9380662267997007E-8
14.956445714200536        1.9968811697455556E-8
14.99256119578417         2.068296379594798E-8
15.008775594580385        2.0901590980005383E-8
15.042956209420101        2.117755628304384E-8
15.06531966438919         2.0920964892994385E-8
15.096314209402689        2.0813058446170364E-8
15.127936503074334        2.0366980748890843E-8
15.155186208951255        2.014252610846998E-8
15.196331236810378        1.9657255936185223E-8
15.220099149886037        1.9476525755283745E-8
15.26769024825413         1.898462813753306E-8
15.28786033848911         1.884249631452194E-8
15.339230281607707        1.8402003966285233E-8
15.357155072594189        1.8288896108898052E-8
15.410466386394349        1.790168878520223E-8
15.426977124378592        1.780876742427948E-8
15.481580175702652        1.7463435923621E-8
15.496736232689052        1.7390781668364006E-8
15.552013455500319        1.7084781246299585E-8
15.566697493866574        1.7020827951631605E-8
15.622064436354059        1.6749118768707306E-8
15.636585541195135        1.668234745701972E-8
15.691896883120876        1.6449485072352313E-8
15.706409865933859        1.638760019534412E-8
15.761654308536166        1.6176359928824696E-8
15.776266343676772        1.6125834795358344E-8
15.831436765267007        1.5927001385763717E-8
15.846165142937142        1.588002278854154E-8
15.901239893937117        1.5698054566830044E-8
15.91603172407385         1.5654365224321568E-8
15.971074582930157        1.548677195407598E-8
15.985854585879402        1.544621008232013E-8
16.04090791719084         1.5291022981476298E-8
16.055673182460765        1.5253251636736E-8
16.110748480451644        1.5108781939697087E-8
16.125510759914153        1.5073648728090033E-8
16.180574953513023        1.4938979301371552E-8
16.195448309603034        1.4905736983959158E-8
16.25043046062995         1.4780024524801416E-8
16.265429107166867        1.4746324407386992E-8
16.320375939472896        1.4630599416909312E-8
16.335333059466763        1.4599057102337534E-8
16.39038199097028         1.4489963853110494E-8
16.405177466928432        1.44622871878768E-8
16.460389374104853        1.4357432992602529E-8
16.475086483637938        1.4331461045204169E-8
16.530409630675674        1.4232283283259758E-8
16.5451295211007          1.4207667224652358E-8
16.60046056690845         1.4113882035378639E-8
16.615269936586444        1.4090409552219383E-8
16.670495561705877        1.4001779379545414E-8
16.685421019412903        1.3979329039051114E-8
16.740475328709472        1.38956576242795E-8
16.755515673659918        1.3874065110231094E-8
16.810428309317484        1.3794859546048002E-8
16.82553731394187         1.3774217717945728E-8
16.880392763762245        1.3698934954752286E-8
16.89549379145329         1.3678562005669994E-8
16.950370501676346        1.3607773166411627E-8
16.965421226840462        1.3588459200377442E-8
17.020375423216613        1.3520955604724108E-8
17.035378060786034        1.3503338331675373E-8
17.090446784971114        1.3438174255277762E-8
17.105386852379596        1.3421446087369494E-8
17.160577591674702        1.3359205997042882E-8
17.175428242717334        1.3343344282256904E-8
17.2307011298096          1.3283910225029277E-8
17.245457604567065        1.3268869405706338E-8
17.300744069134048        1.3212158698044853E-8
17.3154515309703          1.3197847103222051E-8
17.370745953077765        1.3143845350346458E-8
17.385396828467336        1.3130106724437658E-8
17.44062605999826         1.3078622721342937E-8
17.45536959466651         1.306541192117361E-8
17.51046621121075         1.3016259490530215E-8
17.525307083654795        1.300325944730062E-8
17.58030748450151         1.2956823757226165E-8
17.59517618152007         1.2944394715815887E-8
17.6501666458332          1.2900054559686629E-8
17.66499560081208         1.2888575634314833E-8
17.720049762205885        1.2845833041624601E-8
17.734841439113687        1.2834897854628031E-8
17.78998074899299         1.2794037124735158E-8
17.804784975451817        1.2783587918408977E-8
17.859996106883024        1.2744547713511888E-8
17.874835438857303        1.2734551577854619E-8
17.93007596396862         1.2697294777249619E-8
17.94494467104361         1.2687740292660488E-8
18.00013659823645         1.2652360901242841E-8
18.01504705613901         1.2643116744794717E-8
18.070129051609268        1.2609473119322948E-8
18.085096865844758        1.2600629562261747E-8
18.140077881808743        1.2568550579631972E-8
18.155088267168836        1.2559993863461925E-8
18.210024548273317        1.2529706617475546E-8
18.225050998993936        1.2521562110629336E-8
18.279993808643592        1.2492761218368955E-8
18.295026084281194        1.2485204402151003E-8
18.349983847160885        1.245765933699475E-8
18.36501814320847         1.2450484379453713E-8
18.41996078847082         1.2424364637530992E-8
18.434993811103503        1.2417562472437232E-8
18.489899932789545        1.239283719500436E-8
18.504937841079215        1.2386395094990251E-8
18.559813443227668        1.236302318956733E-8
18.574872460795213        1.23569255839663E-8
18.629720146756473        1.2334950858749338E-8
18.644824407006443        1.2329101107826315E-8
18.699625807845166        1.2308414810665976E-8
18.71480184853342         1.230288100830154E-8
18.769538481773083        1.2283386250328786E-8
18.78480021630496         1.2278128419104369E-8
18.83946941601579         1.225997768788529E-8
18.854790991292933        1.2255037607356476E-8
18.909400182527826        1.2238088324274507E-8
18.924713538880454        1.2233568629702542E-8
18.97929767940784         1.2217698642564531E-8
18.994550356268967        1.2213512314341726E-8
19.049180298831214        1.2198775274202473E-8
19.064391161034145        1.2194909761691298E-8
19.119116343903237        1.2181276858993501E-8
19.134316834362043        1.2177718691751747E-8
19.189134794971757        1.2165178425071084E-8
19.20431016991382         1.2161926431438089E-8
19.259175761280023        1.215052424354357E-8
19.27434911804409         1.2147521544431638E-8
19.329179243700363        1.2137208752059292E-8
19.344432856759816        1.2134488849725739E-8
19.39915822423472         1.2125223938551501E-8
19.41451940823825         1.2122780585680582E-8
19.469130553580577        1.2114634006044505E-8
19.484532113501412        1.2112480759179589E-8
19.539071789771423        1.2105385549747316E-8
19.55442932687787         1.2103560763085468E-8
19.608973691885353        1.2097466515433121E-8
19.624260541097165        1.2095933686929056E-8
19.6788855528384          1.2090861029963345E-8
19.6941225788956          1.2089614142716913E-8
19.748878825988655        1.2085557123842063E-8
19.764070959530024        1.2084592932881418E-8
19.818973788172983        1.208155212586631E-8
19.83410019180735         1.2080869173666547E-8
19.8890899175729          1.2078857458463247E-8
19.904164401326632        1.2078444117638758E-8
19.959116927794256        1.2077451115673332E-8
19.974207970649392        1.207731714340901E-8
20.029045838218575        1.2077340849792492E-8
20.0442121195561          1.2077487307884486E-8
20.098965550388645        1.207852550138364E-8
20.114180705745802        1.207895345073924E-8
20.168954619279013        1.2081006224342037E-8
20.184095735141604        1.2081702196837716E-8
20.239027319605174        1.208479066056818E-8
20.253960356612442        1.2085749983939305E-8
20.309150704464           1.2089885063875488E-8
20.323836048315037        1.2091097940090027E-8
20.37928521936886         1.2096294224428697E-8
20.393755892672846        1.209775635650303E-8
20.44941958503554         1.210402520931141E-8
20.463667672517555        1.2105729340182137E-8
20.519579740100674        1.2113045908898106E-8
20.53355385299588         1.211502343594262E-8
20.58980801419862         1.2123457410823118E-8
20.603556917141255        1.2125670837520562E-8
20.660081118499292        1.2135294274218703E-8
20.673777472649117        1.2137748631702595E-8
20.73023744253506         1.2148429764883215E-8
20.744036629888512        1.2151172809584902E-8
20.80016187922834         1.2162901323378757E-8
20.81414189297445         1.2165910266878763E-8
20.869979410419724        1.2178742487381906E-8
20.88416959654124         1.2182077475917053E-8
20.939875463092953        1.2196013708967445E-8
20.95425356188202         1.2199681817319286E-8
21.00984960536266         1.221474154412084E-8
21.024380332185018        1.2218745500291801E-8
21.079861027416488        1.2234942682031584E-8
21.094438489748633        1.2239262260385184E-8
21.14985625302872         1.2256515221120561E-8
21.164393930000763        1.2261243196716041E-8
21.219820054961563        1.2279697668659198E-8
21.23428596897765         1.2284723914527257E-8
21.289769909766036        1.2304555528522737E-8
21.304132625462653        1.2309808017287157E-8
21.359723835209472        1.2330871745238223E-8
21.373932461058935        1.233639031848207E-8
21.429696403476107        1.2358811527090881E-8
21.443768281591865        1.2364526387143244E-8
21.49962132775455         1.2388386253582377E-8
21.513743449290367        1.2394453866293147E-8
21.569512032553927        1.2419641005031453E-8
21.58376564740551         1.2426109867132862E-8
21.63935611480015         1.2452612645599241E-8
21.65374428783561         1.245950011348953E-8
21.709159069470367        1.2487138952734846E-8
21.72368609949403         1.2494674927768545E-8
21.77899219019358         1.2523714537933405E-8
21.793632768879483        1.2531707996536789E-8
21.848892281776816        1.2562221655923917E-8
21.863540666263482        1.2570632761435431E-8
21.918782616195465        1.2602944589785376E-8
21.933354318590897        1.2611569055633014E-8
21.988591937668524        1.2645397633567933E-8
22.003204877996122        1.2654469706790345E-8
22.058352020919607        1.268990914491603E-8
22.073203750511762        1.2699476582794759E-8
22.128111012715333        1.27365850030196E-8
22.1432597498185          1.274681619177161E-8
22.197867547583115        1.2785508101690712E-8
22.21325382421825         1.2796397362581304E-8
22.267716386721112        1.2836839087971288E-8
22.283136111675148        1.2848269109219663E-8
22.337598153630324        1.289063786963287E-8
22.353020647621655        1.2902607601156452E-8
22.407571259379516        1.2946640722593199E-8
22.422891773551427        1.2959508042042641E-8
22.47758076308336         1.3005730374492527E-8
22.492773097393442        1.3019105047400871E-8
22.547595751945106        1.3068114414667855E-8
22.562677117761783        1.3081649400797705E-8
22.617637595983744        1.3133003957425837E-8
22.632581522446053        1.3147040059933262E-8
22.68767080719582         1.3200971275815273E-8
22.70246324840952         1.321539879847376E-8
22.75762352071377         1.3272102253664415E-8
22.772335204843294        1.3287128011729601E-8
22.827524000802306        1.3346593505485172E-8
22.842252888695796        1.336235378661665E-8
22.897474754268742        1.3424748389754331E-8
22.912298431014705        1.3441376145719907E-8
22.96751457077467         1.350605029116116E-8
22.982477173144737        1.3524442234850957E-8
23.037593693213672        1.3592207080001625E-8
23.05268449613603         1.3611687856825238E-8
23.10764943510688         1.3682671861745701E-8
23.122828840814485        1.37032682903364E-8
23.177657428148763        1.3778678719826021E-8
23.192878395826384        1.379954052457366E-8
23.24762559230828         1.3878678219464163E-8
23.26281935998711         1.3900564974569183E-8
23.317563812680937        1.398394774962383E-8
23.332677395537182        1.4006751284208789E-8
23.38747532753585         1.4094891923592038E-8
23.40253148813067         1.4118828147485134E-8
23.45738449826031         1.4212003762189875E-8
23.472450877737867        1.4237276605591854E-8
23.52732981797019         1.4335873089480881E-8
23.542452294290527        1.4362680206257249E-8
23.59731130910636         1.4465351448405394E-8
23.612518283948653        1.4495641892783373E-8
23.6672829991727          1.460436363182071E-8
23.682587698760134        1.4636761465069477E-8
23.73721592423401         1.4752034940772285E-8
23.752570344167758        1.4786631212346027E-8
23.807136452076065        1.4911756398666588E-8
23.82244567605193         1.4946116586757213E-8
23.877074611200843        1.508010110602106E-8
23.892311373296767        1.51165185529319E-8
23.947029515267023        1.5260485524927928E-8
23.962281783580064        1.529965075131704E-8
24.016999061778513        1.5454407530164322E-8
24.03235530462132         1.5496744376546486E-8
24.086977118899693        1.5663673659420343E-8
24.10243021225883         1.5709572009398124E-8
24.15692984193832         1.5890381899757156E-8
24.172428115977908        1.5940146934147493E-8
24.2268256309697          1.6131265258959928E-8
24.24236310394376         1.619124184562113E-8
24.296686488334807        1.6400192237712388E-8
24.312314679921915        1.6466580383577976E-8
24.366581075541802        1.669664993544595E-8
24.382345378759346        1.676916282098503E-8
24.436555731224754        1.7036838853114882E-8
24.452470714054673        1.7107528348582114E-8
24.506584145065688        1.7409295129412455E-8
24.52273841567034         1.7488139817943605E-8
24.57652462024581         1.7831187894218022E-8
24.593302133545325        1.7926345506470856E-8
24.646001721712487        1.8312125160185844E-8
24.664272795700054        1.8428335152437173E-8
24.71463352780457         1.8863837003204594E-8
24.73551744491452         1.9012292805812005E-8
24.781791391789355        1.9493996432887564E-8
24.805872360363715        1.9679159279109762E-8
24.844968797638607        2.014556830380342E-8
24.87259813840665         2.0373758981650223E-8
24.903360943545245        2.08090094970041E-8
24.93389813002635         2.0917728963852954E-8
24.95667140135403         2.117476434642691E-8
24.988721463112405        2.093331679502916E-8
25.00815863384441         2.0631201903570857E-8
25.039635642921855        2.009927688199276E-8
25.06207534561888         1.9328966836246465E-8
25.092853905375865        1.867774346582078E-8
25.11778874468775         1.793198129629279E-8
25.14792454588236         1.733389170232234E-8
25.17342127958688         1.6742718158058223E-8
25.20413101444629         1.6223984460380977E-8
25.228988166132233        1.57645852936393E-8
25.259703309705884        1.532306743108476E-8
25.2843584153455          1.4954122411837165E-8
25.31462140485699         1.4581870994760037E-8
25.339158435908452        1.4274861651472231E-8
25.36924885159257         1.3953503256771408E-8
25.393792974051323        1.3690602411767163E-8
25.423736241554796        1.3409561417696503E-8
25.448209734947486        1.3180870336719061E-8
25.478188503833465        1.2930602729693105E-8
25.502552705384108        1.2729233904584306E-8
25.532614891365697        1.2503771765683705E-8
25.557055967518323        1.2323078636600117E-8
25.58690859114156         1.2120351810946088E-8
25.61142683526973         1.1957351579760074E-8
25.641149626195073        1.1772825945099948E-8
25.6656757813688          1.1623014579301445E-8
25.695666433303472        1.1452904555363322E-8
25.72017774946062         1.1315591279001602E-8
25.750383689941078        1.115749161798156E-8
25.774913860234552        1.1030786692512399E-8
25.804819459430146        1.088561831957391E-8
25.829498026615127        1.0767485434766529E-8
25.858757692725487        1.0634874823186118E-8
25.88358106694841         1.0524441985277015E-8
25.91244764129125         1.040203277458699E-8
25.937523988761942        1.0297716460419364E-8
25.96600605597584         1.0184213194315187E-8
25.99283718634309         1.0079708489192112E-8
26.020131737380378        9.977279198424448E-9
26.052037118708284        9.860885237757888E-9
26.076659579355674        9.773945920854057E-9
26.11742908767228         9.634696822642113E-9
26.137886695814156        9.566931422924772E-9
26.19057639349846         9.398748446467807E-9
26.205343536738553        9.35304790798902E-9
26.27195680145451         9.154859749426632E-9
26.279860170622197        9.128548302584577E-9
26.361612858078633        8.90600941779853E-9
26.36232531095706         8.899527965197097E-9
26.37015938399128         8.879401705690702E-9
26.45234158287505         8.667374891377616E-9
26.460072397352967        8.64817698822687E-9
26.551439854085405        8.430143267323186E-9
26.569454647303992        8.388862668238361E-9
26.660835165756016        8.188035991875566E-9
26.690349736971175        8.12580031738667E-9
26.78173565215691         7.941431600888448E-9
26.82396460015241         7.861617461558313E-9
26.91544150692615         7.692324691522922E-9
26.971247048585003        7.592225572556124E-9
27.06311508497337         7.4374956111578325E-9
27.134221701892823        7.322966971101767E-9
27.225701731526573        7.182814339036847E-9
27.31387142299122         7.053811008017987E-9
27.40538427785676         6.926672465580523E-9
27.51249058398411         6.784776493106239E-9
27.60382528480876         6.669178069034593E-9
27.731777446020317        6.517098818095305E-9
27.822961714638048        6.413965018398972E-9
27.973917455583937        6.249857131724545E-9
28.065026834002907        6.159061636644259E-9
28.240958616402104        5.989393643935179E-9
28.331956671721663        5.906691619566072E-9
28.53628155153884         5.730672853703705E-9
28.62704885205732         5.657159391949888E-9
28.862343275541292        5.476740083227114E-9
28.953222810009468        5.41140665347928E-9
29.222652885685285        5.228249868302537E-9
29.31341773458468         5.1706009116826215E-9
29.61973328756001         4.986730678207849E-9
29.71166167274305         4.9353759910002765E-9
30.057837716707553        4.752756748308759E-9
30.15073150248292         4.703249429697952E-9
30.536512049636325        4.525461782949014E-9
30.630256550039732        4.4854828305275225E-9
31.031455472941865        4.32409651065323E-9
31.124870061744993        4.2926358467171465E-9
31.527285081229202        4.15043455602166E-9
31.620487732662383        4.119784387813387E-9
32.02339022402027         3.99443633791377E-9
32.11629076752495         3.967485261496794E-9
32.51956379452906         3.856675728579108E-9
32.61207075220499         3.83074720528278E-9
33.01549293401101         3.732844300542572E-9
33.10778684733246         3.7138627731581098E-9
33.511239905070724        3.6269606383157743E-9
33.603430656328754        3.6083984717247866E-9
34.006896269341716        3.5314576463947666E-9
34.09903168598808         3.515038250130948E-9
34.5025040361518          3.4470368759856047E-9
34.594609432792694        3.4311380693543765E-9
34.99809070348513         3.371327306661308E-9
35.09016029498617         3.3586157915520057E-9
35.49366373995479         3.306187184010178E-9
35.585666955489046        3.2962768589259583E-9
35.989221483328336        3.2505907667535162E-9
36.08113144455413         3.240966731657261E-9
36.48477802445824         3.2016212761634224E-9
36.57652647361557         3.193400132610503E-9
36.98034573468866         3.160001700839425E-9
37.071587509511204        3.152125168948762E-9
37.47585414877008         3.1243586079309743E-9
37.56578983379636         3.11879737166241E-9
37.970781784943895        3.0963716677714203E-9
38.06041133882444         3.0929198811413285E-9
38.46498997026846         3.0756707733329815E-9
38.55265902635642         3.07244516934902E-9
38.956921121960605        3.06030428901857E-9
39.046889143660465        3.0580450018994994E-9
39.459359487380326        3.0505473969214513E-9
39.541687595388666        3.048655496728933E-9
39.927968342810246        3.0470275538630973E-9
40                        3.0466105107044833E-9
